000010000
000001010
100111111
100111110
000111001
000001011
000010000
100111111
100111111
100100010
000001100
000010000
100101010
011001011
100110000
011010011
010010011
000001011
000010000
100111111
100111111
000111001
000001111
000010000
100101000
011011111
010011111
000010111
100000111
000001111
000100111
000001101
000010000
100111111
100111111
100100001
000111001
000001110
000010000
010100110
100111111
100111111
100111111
100111111
100100100
010100110
101100101
000010000
100100001
000001110
000010000
100100001
100111111
000101110
000001111
000010000
100111111
100111111
100111111
100111111
100100011
000110111
000001111
000011111
110111001
000101111
001000100
000010110
000110101
000011001
110001110
000101110
000001110
000010100
100100001
000001100
000010011
101000001
000001011
000010000
010110011
101100101
000111010
000101110
000001111
000010000
100111111
100111111
100111111
100111111
100100011
000110111
000001111
000011111
110111001
000101111
001000100
000010000
100111111
100111111
100111111
100111111
100100100
010111100
000010110
000110101
000011001
110001110
000101110
000001110
000010100
100100001
000001100
000010010
100100001
000001010
101100110
001001000
