000010000
100111111
100111111
100100010
000001010
000111010
000001011
000010000
100111111
100100001
000101011
000001100
000010000
100111111
100111111
100111111
100111111
100100011
000110100
000001100
000010000
000001111
000100111
000001101
000010000
100100001
000001110
101100001
000010000
100111111
100111111
100100010
000001010
000111010
000001011
000010000
100111111
100100001
000101011
000001100
000010000
100111111
100111111
100111111
100111111
100100011
000110100
000001100
000010111
100100001
000001111
000100001
000001101
000010000
100100001
000001110
000010101
000110100
000011001
110001100
000101100
000001100
000010010
100100001
000001010
000010110
100100001
000001110
000010000
100111111
100100001
000101100
000001011
000010000
100111111
100111111
100111111
100111111
100100011
000110011
000001011
000011011
110111001
000101011
000001011
000111010
010010011
101100000
000010000
100101010
011001110
000010000
000001110
000010000
100111111
100100001
001000110
000010110
100100001
000001110
000010000
100101010
011011110
000010010
100100001
000001010
000111010
000001011
000010101
000110100
000011001
110001100
000101100
000001100
000101011
000001011
000010000
100111111
100111111
100111111
100111111
100100011
000110011
001000110
000010110
100100001
000001110
000010000
100111111
100111111
100100010
011100110
001001000
